0 2
15 2
30 2
45 2
60 2
75 2
90 2
105 2
120 2
135 2
150 2
4 3
19 3
34 3
49 3
64 3
79 3
94 3
109 3
124 3
139 3
154 3
8 4
23 4
38 4
53 4
68 4
83 4
98 4
113 4
128 4
143 4
12 5
27 5
42 5
57 5
72 5
87 5
102 5
117 5
132 5
147 5
1 6
16 6
31 6
46 6
61 6
76 6
91 6
106 6
121 6
136 6
151 6
5 7
20 7
35 7
50 7
65 7
80 7
95 7
110 7
125 7
140 7
155 7
9 8
24 8
39 8
54 8
69 8
84 8
99 8
114 8
129 8
144 8
13 9
28 9
43 9
58 9
73 9
88 9
103 9
118 9
133 9
148 9
2 10
17 10
32 10
47 10
62 10
77 10
92 10
107 10
122 10
137 10
152 10
6 11
21 11
36 11
51 11
66 11
81 11
96 11
111 11
126 11
141 11
10 12
25 12
40 12
55 12
70 12
85 12
100 12
115 12
130 12
145 12
14 13
29 13
44 13
59 13
74 13
89 13
104 13
108 13
119 13
134 13
149 13
3 14
18 14
33 14
48 14
63 14
78 14
93 14
108 14
123 14
138 14
153 14
7 15
22 15
37 15
52 15
62 15
67 15
82 15
97 15
112 15
127 15
142 15
11 16
26 16
41 16
56 16
71 16
86 16
101 16
116 16
131 16
146 16
0 17
15 17
30 17
45 17
60 17
75 17
90 17
105 17
120 17
135 17
150 17
4 18
19 18
34 18
49 18
64 18
79 18
94 18
109 18
124 18
139 18
154 18
8 19
23 19
38 19
53 19
68 19
69 19
83 19
98 19
113 19
128 19
143 19
12 20
27 20
42 20
57 20
72 20
87 20
102 20
117 20
132 20
147 20
1 21
16 21
31 21
46 21
61 21
76 21
91 21
106 21
121 21
136 21
151 21
5 22
20 22
35 22
50 22
65 22
80 22
95 22
110 22
125 22
140 22
155 22
9 23
24 23
39 23
54 23
69 23
84 23
99 23
114 23
129 23
144 23
13 24
28 24
43 24
58 24
73 24
88 24
103 24
118 24
133 24
148 24
2 25
17 25
32 25
47 25
62 25
77 25
92 25
107 25
122 25
137 25
152 25
6 26
21 26
36 26
51 26
66 26
81 26
96 26
111 26
126 26
141 26
10 27
25 27
40 27
55 27
70 27
85 27
100 27
115 27
130 27
145 27
14 28
29 28
44 28
59 28
74 28
89 28
104 28
119 28
134 28
149 28
3 29
18 29
33 29
48 29
63 29
78 29
93 29
108 29
123 29
138 29
153 29
7 30
22 30
37 30
52 30
67 30
82 30
97 30
112 30
127 30
142 30
11 31
26 31
41 31
56 31
71 31
86 31
101 31
116 31
131 31
146 31
0 32
15 32
30 32
45 32
60 32
75 32
90 32
105 32
120 32
135 32
150 32
4 33
19 33
34 33
49 33
64 33
79 33
94 33
109 33
124 33
139 33
154 33
8 34
23 34
38 34
53 34
68 34
83 34
98 34
113 34
128 34
143 34
12 35
27 35
42 35
57 35
72 35
87 35
102 35
117 35
132 35
147 35
1 36
16 36
31 36
46 36
61 36
76 36
91 36
106 36
121 36
136 36
151 36
5 37
20 37
35 37
50 37
65 37
80 37
95 37
110 37
125 37
140 37
155 37
9 38
24 38
39 38
54 38
69 38
84 38
99 38
114 38
129 38
144 38
13 39
28 39
43 39
58 39
73 39
88 39
103 39
118 39
133 39
148 39
2 40
17 40
32 40
47 40
62 40
77 40
92 40
107 40
122 40
137 40
152 40
6 41
21 41
36 41
51 41
66 41
81 41
96 41
111 41
126 41
141 41
10 42
25 42
40 42
55 42
70 42
85 42
100 42
115 42
130 42
145 42
14 43
29 43
44 43
59 43
74 43
89 43
104 43
119 43
134 43
149 43
3 44
18 44
33 44
41 44
48 44
63 44
78 44
93 44
108 44
123 44
138 44
153 44
7 45
22 45
37 45
52 45
67 45
82 45
97 45
112 45
127 45
142 45
11 46
26 46
41 46
56 46
71 46
86 46
101 46
116 46
131 46
146 46
0 47
15 47
30 47
45 47
60 47
63 47
75 47
90 47
105 47
120 47
135 47
150 47
4 48
19 48
34 48
49 48
64 48
79 48
94 48
109 48
124 48
139 48
154 48
8 49
23 49
38 49
53 49
68 49
83 49
98 49
113 49
128 49
143 49
12 50
27 50
42 50
57 50
72 50
87 50
102 50
117 50
132 50
147 50
1 51
16 51
31 51
46 51
61 51
76 51
91 51
106 51
121 51
136 51
151 51
5 52
20 52
35 52
50 52
65 52
80 52
95 52
110 52
125 52
140 52
155 52
9 53
24 53
39 53
54 53
69 53
84 53
99 53
114 53
129 53
144 53
13 54
28 54
43 54
58 54
73 54
88 54
103 54
118 54
133 54
148 54
2 55
17 55
32 55
47 55
62 55
77 55
92 55
107 55
122 55
137 55
152 55
6 56
21 56
36 56
51 56
66 56
81 56
96 56
111 56
126 56
141 56
10 57
25 57
40 57
55 57
70 57
85 57
100 57
115 57
130 57
145 57
14 58
29 58
44 58
59 58
74 58
89 58
104 58
119 58
134 58
149 58
3 59
18 59
33 59
48 59
63 59
78 59
93 59
108 59
123 59
138 59
153 59
7 60
22 60
37 60
52 60
67 60
82 60
97 60
112 60
127 60
142 60
11 61
26 61
41 61
56 61
71 61
86 61
101 61
116 61
131 61
146 61
0 62
15 62
30 62
45 62
60 62
75 62
90 62
105 62
120 62
135 62
150 62
4 63
19 63
34 63
49 63
64 63
79 63
94 63
109 63
124 63
139 63
154 63
8 64
23 64
38 64
53 64
68 64
83 64
98 64
113 64
128 64
143 64
12 65
27 65
42 65
57 65
72 65
87 65
102 65
117 65
132 65
147 65
1 66
16 66
31 66
46 66
61 66
76 66
91 66
106 66
121 66
136 66
151 66
5 67
20 67
35 67
50 67
65 67
80 67
95 67
110 67
125 67
140 67
155 67
9 68
24 68
39 68
54 68
69 68
84 68
99 68
114 68
129 68
144 68
13 69
28 69
43 69
58 69
73 69
88 69
103 69
118 69
133 69
148 69
2 70
17 70
32 70
47 70
62 70
77 70
92 70
107 70
122 70
137 70
152 70
6 71
21 71
36 71
51 71
66 71
81 71
96 71
111 71
126 71
141 71
10 72
25 72
40 72
55 72
70 72
85 72
100 72
115 72
130 72
145 72
14 73
29 73
44 73
59 73
74 73
89 73
104 73
119 73
134 73
149 73
3 74
18 74
33 74
48 74
63 74
78 74
93 74
108 74
123 74
138 74
153 74
7 75
22 75
37 75
52 75
67 75
82 75
97 75
112 75
127 75
142 75
11 76
26 76
41 76
56 76
71 76
86 76
101 76
116 76
131 76
146 76
0 77
15 77
30 77
45 77
60 77
75 77
90 77
105 77
120 77
135 77
150 77
4 78
19 78
34 78
49 78
64 78
79 78
94 78
109 78
124 78
139 78
154 78
8 79
23 79
38 79
53 79
68 79
83 79
98 79
113 79
128 79
143 79
12 80
27 80
42 80
57 80
72 80
87 80
102 80
117 80
132 80
147 80
1 81
16 81
31 81
46 81
61 81
76 81
91 81
106 81
121 81
136 81
151 81
5 82
20 82
35 82
50 82
65 82
80 82
95 82
110 82
125 82
140 82
155 82
9 83
24 83
39 83
54 83
69 83
84 83
99 83
114 83
129 83
144 83
13 84
28 84
43 84
58 84
73 84
88 84
103 84
118 84
133 84
148 84
2 85
17 85
32 85
47 85
62 85
77 85
92 85
107 85
122 85
137 85
152 85
6 86
21 86
36 86
51 86
66 86
81 86
96 86
111 86
126 86
141 86
10 87
25 87
40 87
55 87
70 87
85 87
100 87
115 87
130 87
145 87
14 88
29 88
44 88
59 88
74 88
89 88
104 88
119 88
134 88
149 88
3 89
18 89
33 89
48 89
63 89
78 89
93 89
108 89
123 89
138 89
153 89
7 90
22 90
37 90
52 90
67 90
82 90
97 90
112 90
127 90
142 90
11 91
26 91
41 91
56 91
71 91
86 91
101 91
116 91
131 91
146 91
0 92
15 92
30 92
45 92
60 92
75 92
90 92
105 92
120 92
135 92
150 92
4 93
19 93
34 93
49 93
64 93
79 93
94 93
109 93
124 93
139 93
154 93
8 94
23 94
38 94
53 94
68 94
83 94
98 94
113 94
128 94
143 94
12 95
27 95
42 95
57 95
72 95
87 95
102 95
117 95
132 95
147 95
1 96
16 96
31 96
46 96
61 96
76 96
91 96
106 96
121 96
136 96
151 96
5 97
14 97
20 97
35 97
50 97
65 97
80 97
95 97
110 97
125 97
140 97
155 97
9 98
13 98
24 98
39 98
54 98
69 98
84 98
99 98
114 98
129 98
144 98
13 99
28 99
43 99
58 99
73 99
88 99
103 99
118 99
133 99
148 99
2 100
17 100
32 100
47 100
62 100
77 100
92 100
107 100
122 100
137 100
152 100
6 101
21 101
36 101
51 101
66 101
81 101
96 101
111 101
126 101
141 101
10 102
25 102
40 102
55 102
70 102
85 102
100 102
115 102
130 102
145 102
14 103
29 103
44 103
59 103
74 103
89 103
104 103
119 103
134 103
149 103
3 104
18 104
33 104
48 104
63 104
78 104
93 104
108 104
123 104
138 104
153 104
7 105
22 105
37 105
52 105
67 105
82 105
97 105
112 105
127 105
142 105
11 106
26 106
41 106
56 106
71 106
86 106
101 106
116 106
131 106
146 106
0 107
15 107
30 107
45 107
60 107
75 107
90 107
105 107
120 107
135 107
150 107
4 108
19 108
34 108
49 108
64 108
79 108
94 108
109 108
124 108
139 108
154 108
8 109
23 109
38 109
53 109
68 109
83 109
98 109
113 109
128 109
143 109
12 110
27 110
42 110
57 110
72 110
87 110
102 110
117 110
132 110
147 110
1 111
16 111
31 111
46 111
61 111
76 111
91 111
106 111
121 111
136 111
151 111
5 112
20 112
35 112
50 112
65 112
80 112
95 112
110 112
125 112
140 112
155 112
9 113
24 113
39 113
54 113
69 113
84 113
99 113
114 113
129 113
144 113
13 114
28 114
43 114
58 114
73 114
88 114
103 114
118 114
133 114
148 114
2 115
17 115
32 115
47 115
62 115
77 115
92 115
107 115
122 115
137 115
152 115
6 116
21 116
36 116
51 116
66 116
81 116
96 116
111 116
126 116
141 116
10 117
25 117
40 117
55 117
70 117
85 117
100 117
115 117
130 117
145 117
14 118
29 118
44 118
59 118
74 118
89 118
104 118
119 118
134 118
149 118
3 119
18 119
33 119
48 119
63 119
78 119
93 119
108 119
123 119
138 119
153 119
7 120
22 120
37 120
52 120
67 120
82 120
97 120
112 120
127 120
142 120
11 121
26 121
41 121
56 121
71 121
86 121
101 121
116 121
131 121
146 121
0 122
15 122
30 122
45 122
60 122
75 122
90 122
105 122
120 122
135 122
150 122
4 123
19 123
34 123
49 123
64 123
79 123
94 123
109 123
124 123
139 123
154 123
8 124
23 124
38 124
53 124
68 124
83 124
98 124
113 124
128 124
143 124
12 125
27 125
42 125
57 125
72 125
87 125
102 125
117 125
132 125
147 125
1 126
16 126
31 126
46 126
61 126
76 126
91 126
106 126
121 126
136 126
151 126
5 127
20 127
35 127
50 127
65 127
80 127
95 127
110 127
125 127
140 127
155 127
9 128
24 128
39 128
54 128
69 128
84 128
99 128
114 128
129 128
144 128
13 129
28 129
43 129
58 129
73 129
88 129
103 129
118 129
133 129
148 129
2 130
17 130
32 130
47 130
62 130
77 130
92 130
107 130
122 130
137 130
152 130
6 131
21 131
36 131
51 131
66 131
81 131
96 131
111 131
126 131
141 131
10 132
25 132
40 132
55 132
70 132
85 132
100 132
115 132
130 132
145 132
14 133
29 133
44 133
59 133
74 133
89 133
104 133
119 133
134 133
149 133
3 134
18 134
33 134
48 134
63 134
78 134
93 134
108 134
112 134
123 134
138 134
153 134
7 135
22 135
37 135
52 135
67 135
82 135
97 135
112 135
127 135
142 135
11 136
26 136
41 136
56 136
71 136
86 136
101 136
112 136
116 136
131 136
146 136
0 137
15 137
30 137
45 137
60 137
75 137
90 137
105 137
112 137
120 137
135 137
150 137
4 138
19 138
34 138
49 138
64 138
79 138
94 138
109 138
124 138
139 138
154 138
8 139
23 139
38 139
53 139
68 139
83 139
98 139
113 139
128 139
143 139
12 140
27 140
42 140
57 140
72 140
87 140
102 140
117 140
132 140
147 140
1 141
16 141
31 141
46 141
61 141
76 141
91 141
106 141
121 141
136 141
151 141
5 142
20 142
35 142
50 142
65 142
80 142
95 142
110 142
125 142
140 142
155 142
9 143
24 143
39 143
54 143
69 143
84 143
99 143
114 143
129 143
144 143
13 144
28 144
43 144
58 144
73 144
88 144
103 144
118 144
133 144
148 144
2 145
17 145
32 145
47 145
62 145
77 145
92 145
107 145
122 145
137 145
152 145
6 146
21 146
36 146
51 146
66 146
81 146
96 146
111 146
126 146
141 146
10 147
25 147
40 147
55 147
70 147
85 147
100 147
115 147
130 147
145 147
14 148
29 148
44 148
59 148
74 148
89 148
104 148
119 148
134 148
149 148
3 149
18 149
33 149
48 149
63 149
78 149
93 149
108 149
123 149
138 149
153 149
7 150
22 150
37 150
52 150
67 150
82 150
97 150
112 150
127 150
142 150
11 151
26 151
41 151
56 151
71 151
86 151
101 151
116 151
131 151
146 151
0 152
15 152
30 152
45 152
60 152
75 152
90 152
105 152
120 152
135 152
150 152
4 153
19 153
34 153
49 153
64 153
79 153
94 153
109 153
124 153
139 153
154 153
8 154
23 154
38 154
53 154
68 154
83 154
98 154
113 154
128 154
143 154
12 155
27 155
42 155
57 155
72 155
87 155
102 155
117 155
132 155
147 155
1 156
16 156
31 156
46 156
61 156
76 156
91 156
106 156
121 156
136 156
151 156
5 157
20 157
35 157
50 157
65 157
80 157
95 157
110 157
125 157
140 157
155 157
9 158
24 158
39 158
54 158
69 158
84 158
99 158
114 158
129 158
144 158
13 159
28 159
43 159
58 159
73 159
88 159
103 159
118 159
133 159
148 159
2 160
17 160
32 160
47 160
62 160
77 160
92 160
107 160
122 160
137 160
152 160
6 161
21 161
36 161
51 161
66 161
81 161
96 161
111 161
126 161
141 161
10 162
25 162
40 162
55 162
70 162
85 162
100 162
115 162
130 162
145 162
14 163
22 163
29 163
44 163
59 163
74 163
89 163
104 163
119 163
134 163
149 163
3 164
18 164
33 164
48 164
63 164
78 164
93 164
108 164
123 164
138 164
153 164
7 165
22 165
37 165
52 165
67 165
82 165
97 165
112 165
127 165
142 165
11 166
26 166
41 166
56 166
71 166
86 166
101 166
116 166
131 166
146 166
0 167
15 167
30 167
45 167
60 167
75 167
90 167
105 167
120 167
135 167
150 167
4 168
19 168
34 168
49 168
64 168
79 168
94 168
109 168
124 168
139 168
154 168
8 169
23 169
38 169
53 169
68 169
83 169
98 169
113 169
128 169
143 169
12 170
27 170
42 170
57 170
72 170
87 170
102 170
117 170
132 170
147 170
1 171
16 171
31 171
46 171
61 171
76 171
91 171
106 171
121 171
136 171
151 171
5 172
20 172
35 172
50 172
65 172
80 172
95 172
110 172
125 172
140 172
155 172
9 173
24 173
39 173
54 173
69 173
84 173
99 173
114 173
129 173
144 173
13 174
28 174
43 174
58 174
73 174
88 174
103 174
118 174
133 174
148 174
2 175
17 175
32 175
47 175
62 175
77 175
92 175
107 175
122 175
137 175
152 175
6 176
21 176
36 176
51 176
66 176
81 176
96 176
111 176
126 176
141 176
10 177
25 177
40 177
55 177
70 177
85 177
100 177
115 177
130 177
145 177
14 178
29 178
44 178
59 178
74 178
89 178
104 178
119 178
134 178
149 178
3 179
18 179
33 179
48 179
63 179
78 179
93 179
108 179
123 179
138 179
153 179
7 180
22 180
37 180
52 180
67 180
82 180
97 180
112 180
127 180
142 180
11 181
26 181
41 181
56 181
71 181
86 181
101 181
116 181
131 181
146 181
0 182
15 182
30 182
45 182
60 182
75 182
90 182
105 182
120 182
135 182
150 182
4 183
19 183
34 183
49 183
64 183
79 183
94 183
109 183
124 183
139 183
154 183
8 184
23 184
38 184
53 184
68 184
83 184
98 184
113 184
128 184
143 184
12 185
27 185
42 185
57 185
72 185
87 185
102 185
117 185
132 185
147 185
1 186
16 186
31 186
46 186
61 186
76 186
91 186
106 186
121 186
136 186
151 186
5 187
20 187
35 187
50 187
65 187
80 187
95 187
110 187
125 187
140 187
155 187
9 188
24 188
39 188
54 188
69 188
84 188
99 188
114 188
129 188
144 188
13 189
28 189
43 189
58 189
73 189
88 189
103 189
118 189
133 189
148 189
2 190
17 190
32 190
47 190
62 190
77 190
92 190
107 190
122 190
137 190
152 190
6 191
21 191
36 191
51 191
66 191
81 191
96 191
111 191
126 191
141 191
10 192
25 192
40 192
55 192
70 192
85 192
100 192
115 192
130 192
145 192
14 193
29 193
44 193
59 193
74 193
89 193
97 193
104 193
119 193
134 193
149 193
3 194
18 194
33 194
48 194
63 194
78 194
93 194
108 194
123 194
138 194
153 194
7 195
22 195
37 195
52 195
67 195
82 195
97 195
112 195
127 195
142 195
11 196
26 196
41 196
56 196
71 196
86 196
101 196
116 196
131 196
146 196
0 197
15 197
30 197
45 197
60 197
75 197
90 197
105 197
120 197
135 197
150 197
4 198
19 198
34 198
49 198
64 198
79 198
94 198
109 198
124 198
139 198
154 198
8 199
23 199
38 199
53 199
68 199
83 199
98 199
113 199
128 199
143 199
12 200
27 200
42 200
57 200
72 200
87 200
102 200
117 200
132 200
147 200
1 201
16 201
31 201
46 201
61 201
76 201
91 201
106 201
121 201
136 201
151 201
5 202
20 202
35 202
50 202
65 202
80 202
95 202
110 202
125 202
140 202
155 202
9 203
24 203
39 203
54 203
69 203
84 203
99 203
114 203
126 203
129 203
144 203
13 204
28 204
43 204
58 204
73 204
88 204
103 204
118 204
133 204
148 204
2 205
17 205
32 205
47 205
62 205
77 205
92 205
107 205
122 205
137 205
152 205
0 206
6 206
21 206
36 206
51 206
66 206
74 206
81 206
96 206
111 206
126 206
141 206
10 207
26 207
40 207
56 207
70 207
86 207
100 207
116 207
130 207
146 207
